INT	INT	INT	INT	INT	INT	INT	INT	STRING	INT	INT	INT	INT	INT
id	level	energy	energyProgressBar	maxNumPerHQLevel	constructionTime	constructionCoins	constructionMineral	construction_pc	scoreBuilt	scoreAttack	repairTime	mineralsStorage	coinsStorage
1	1	4000	8000	0	10	0	0	25:01:00	3	2	240	9000	9000
2	2	8800	16000	0	600	4340	0	25:01:00	13	3	528	9000	9000
3	3	20000	20000	0	14400	26040	0	25:01:00	102	30	1200	9000	9000
4	4	100000	24000	0	57600	148800	0	25:03:00	523	100	2490	9000	9000
5	5	150000	40000	2	172800	3016600	0	"25:4,26:1"	8200	780	2814	9000	9000
6	6	200000	52000	3	345600	22551200	0	"25:6,26:2"	59027	5821	3045	9000	9000
7	7	350000	68000	5	518400	42758800	0	"25:9,26:3"	111590	11036	3493	9000	9000
8	8	400000	80000	6	691200	80396400	0	"25:12,26:5"	209134	20749	3600	9000	9000
